HKAdirect 0.70beta(20201104beta).
Sebastian E. Ramos-Onsins, Emanuelle Raineri and Luca Ferretti

OUTPUT FILE: date Wed Nov  4 13:23:57 2020 

Input data from the file: ../examples/HKA1000loci.txt

Title: Title: Checking HKA test with 1000 loci from 9001 to 10000 using the file  ./cut_mstatspop_4OutgT2t100_1e6.txt  
nloci: 100

#IDloci	nsam	obs_S	obs_div	length_pol	length_div	factor_chrn	expHKA_S	expVar_S	expHKA_div	expVar_D	expHKA_theta	partialHKA
9001	4	71	402.50	10000.00	10000.00	1.00	126.27	6582.92	347.23	5090.89	0.00689	1.064	
9002	4	177	555.25	10000.00	10000.00	1.00	195.27	15636.64	536.98	11881.66	0.01065	0.049	
9003	4	95	380.25	10000.00	10000.00	1.00	126.74	6631.20	348.51	5127.30	0.00691	0.348	
9004	4	250	507.50	10000.00	10000.00	1.00	202.00	16726.65	555.50	12696.05	0.01102	0.319	
9005	4	196	412.50	10000.00	10000.00	1.00	162.27	10825.48	446.23	8280.43	0.00885	0.242	
9006	4	198	644.50	10000.00	10000.00	1.00	224.67	20665.89	617.83	15635.87	0.01225	0.080	
9007	4	172	862.50	10000.00	10000.00	1.00	275.87	31095.54	758.63	23401.65	0.01505	0.808	
9008	4	78	423.25	10000.00	10000.00	1.00	133.67	7369.29	367.58	5683.55	0.00729	0.966	
9009	4	185	539.75	10000.00	10000.00	1.00	193.27	15319.94	531.48	11644.95	0.01054	0.010	
9010	4	32	471.25	10000.00	10000.00	1.00	134.20	7427.68	369.05	5727.52	0.00732	3.230	
9011	4	462	412.75	10000.00	10000.00	1.00	233.27	22269.38	641.48	16831.27	0.01272	5.458	
9012	4	200	666.50	10000.00	10000.00	1.00	231.07	21853.48	635.43	16521.28	0.01260	0.103	
9013	4	95	433.50	10000.00	10000.00	1.00	140.94	8184.66	387.56	6297.24	0.00769	0.593	
9014	4	195	452.50	10000.00	10000.00	1.00	172.67	12246.54	474.83	9345.43	0.00942	0.094	
9015	4	129	523.50	10000.00	10000.00	1.00	174.00	12435.06	478.50	9486.62	0.00949	0.376	
9016	4	125	359.25	10000.00	10000.00	1.00	129.14	6882.28	355.11	5316.61	0.00704	0.006	
9017	4	151	417.00	10000.00	10000.00	1.00	151.47	9442.50	416.53	7242.59	0.00826	0.000	
9018	4	207	476.25	10000.00	10000.00	1.00	182.20	13626.13	501.05	10378.22	0.00994	0.104	
9019	4	90	493.50	10000.00	10000.00	1.00	155.60	9960.63	427.90	7631.59	0.00849	0.996	
9020	4	62	463.25	10000.00	10000.00	1.00	140.07	8085.16	385.18	6222.39	0.00764	1.733	
9021	4	94	425.75	10000.00	10000.00	1.00	138.60	7918.18	381.15	6096.75	0.00756	0.578	
9022	4	11	438.25	10000.00	10000.00	1.00	119.80	5932.04	329.45	4599.66	0.00653	4.569	
9023	4	273	430.25	10000.00	10000.00	1.00	187.54	14430.04	515.71	10979.60	0.01023	1.171	
9024	4	363	570.75	10000.00	10000.00	1.00	249.01	25357.94	684.74	19132.12	0.01358	1.192	
9025	4	277	570.25	10000.00	10000.00	1.00	225.94	20898.30	621.31	15809.17	0.01232	0.290	
9026	4	73	623.75	10000.00	10000.00	1.00	185.80	14166.25	510.95	10782.29	0.01013	2.078	
9027	4	102	447.25	10000.00	10000.00	1.00	146.47	8834.22	402.78	6785.61	0.00799	0.515	
9028	4	155	468.75	10000.00	10000.00	1.00	166.34	11370.72	457.41	8689.21	0.00907	0.026	
9029	4	19	459.50	10000.00	10000.00	1.00	127.60	6721.33	350.90	5195.27	0.00696	4.025	
9030	4	71	397.75	10000.00	10000.00	1.00	125.00	6452.76	343.75	4992.71	0.00682	1.036	
9031	4	163	498.00	10000.00	10000.00	1.00	176.27	12758.86	484.73	9729.08	0.00961	0.032	
9032	4	111	436.00	10000.00	10000.00	1.00	145.87	8762.58	401.13	6731.78	0.00796	0.319	
9033	4	190	658.25	10000.00	10000.00	1.00	226.20	20947.40	622.05	15845.78	0.01234	0.145	
9034	4	105	491.25	10000.00	10000.00	1.00	159.00	10397.21	437.25	7959.19	0.00867	0.647	
9035	4	105	413.25	10000.00	10000.00	1.00	138.20	7872.94	380.05	6062.71	0.00754	0.322	
9036	4	249	433.50	10000.00	10000.00	1.00	182.00	13596.44	500.50	10356.00	0.00993	0.764	
9037	4	78	686.50	10000.00	10000.00	1.00	203.87	17035.34	560.63	12926.60	0.01112	2.156	
9038	4	377	529.75	10000.00	10000.00	1.00	241.81	23919.65	664.94	18060.91	0.01319	1.776	
9039	4	49	564.00	10000.00	10000.00	1.00	163.47	10984.98	449.53	8400.03	0.00892	2.753	
9040	4	229	749.75	10000.00	10000.00	1.00	261.01	27848.39	717.74	20986.03	0.01424	0.086	
9041	4	399	474.25	10000.00	10000.00	1.00	232.87	22193.47	640.38	16774.70	0.01270	2.889	
9042	4	207	493.00	9999.00	9999.00	1.00	186.67	14297.84	513.33	10880.72	0.01018	0.067	
9043	4	215	406.50	10000.00	10000.00	1.00	165.74	11289.44	455.76	8628.28	0.00904	0.496	
9044	4	153	411.25	10000.00	10000.00	1.00	150.47	9319.22	413.78	7150.00	0.00821	0.002	
9045	4	208	403.50	9999.00	9999.00	1.00	163.07	10931.69	448.43	8360.07	0.00890	0.426	
9046	4	266	457.25	9999.00	9999.00	1.00	192.87	15256.99	530.38	11597.90	0.01052	0.812	
9047	4	75	553.50	10000.00	10000.00	1.00	167.60	11543.29	460.90	8818.54	0.00914	1.715	
9048	4	98	529.25	10000.00	10000.00	1.00	167.27	11497.75	459.98	8784.41	0.00912	0.964	
9049	4	98	387.50	10000.00	10000.00	1.00	129.47	6917.53	356.03	5343.17	0.00706	0.329	
9050	4	69	715.00	10000.00	10000.00	1.00	209.07	17910.12	574.93	13579.78	0.01140	2.540	
9051	4	113	441.00	10000.00	10000.00	1.00	147.74	8986.40	406.26	6899.97	0.00806	0.309	
9052	4	76	593.75	10000.00	10000.00	1.00	178.60	13096.52	491.15	9981.86	0.00974	1.859	
9053	4	163	441.00	10000.00	10000.00	1.00	161.07	10667.15	442.93	8161.69	0.00879	0.001	
9054	4	356	484.00	10000.00	10000.00	1.00	224.00	20544.09	616.00	15545.04	0.01222	1.969	
9055	4	383	419.25	10000.00	10000.00	1.00	213.94	18748.68	588.31	14205.67	0.01167	3.536	
9056	4	104	636.75	10000.00	10000.00	1.00	197.54	15999.47	543.21	12152.80	0.01077	1.267	
9057	4	149	451.00	10000.00	10000.00	1.00	160.00	10527.39	440.00	8056.85	0.00873	0.027	
9058	4	125	743.75	10000.00	10000.00	1.00	231.67	21966.52	637.08	16605.54	0.01264	1.203	
9059	4	309	470.00	10000.00	10000.00	1.00	207.74	17683.73	571.26	13410.77	0.01133	1.344	
9060	4	191	398.50	10000.00	10000.00	1.00	157.20	10164.91	432.30	7784.90	0.00857	0.259	
9061	4	120	721.00	10000.00	10000.00	1.00	224.27	20592.77	616.73	15581.34	0.01223	1.226	
9062	4	689	548.50	9999.00	9999.00	1.00	330.01	44431.92	907.49	33308.89	0.01800	6.770	
9063	4	105	408.50	10000.00	10000.00	1.00	136.94	7730.54	376.56	5955.54	0.00747	0.303	
9064	4	335	408.50	10000.00	10000.00	1.00	198.27	16117.75	545.23	12241.17	0.01081	2.687	
9065	4	297	406.75	10000.00	10000.00	1.00	187.67	14450.44	516.08	10994.85	0.01024	1.914	
9066	4	336	569.75	10000.00	10000.00	1.00	241.54	23867.18	664.21	18021.83	0.01317	0.869	
9067	4	140	578.00	10000.00	10000.00	1.00	191.47	15037.69	526.53	11433.96	0.01044	0.408	
9068	4	371	464.50	10000.00	10000.00	1.00	222.80	20325.76	612.70	15382.21	0.01215	2.508	
9069	4	127	823.25	9999.00	9999.00	1.00	253.41	26257.56	696.84	19801.94	0.01382	1.415	
9070	4	140	428.25	10000.00	10000.00	1.00	151.54	9450.74	416.71	7248.78	0.00827	0.032	
9071	4	92	698.00	10000.00	10000.00	1.00	210.67	18183.70	579.33	13784.00	0.01149	1.796	
9072	4	229	487.00	10000.00	10000.00	1.00	190.94	14954.56	525.06	11371.81	0.01041	0.224	
9073	4	245	448.00	10000.00	10000.00	1.00	184.80	14015.16	508.20	10669.28	0.01008	0.598	
9074	4	140	679.75	9999.00	9999.00	1.00	218.60	19570.78	601.15	14819.07	0.01193	0.733	
9075	4	45	506.25	10000.00	10000.00	1.00	147.00	8898.13	404.25	6833.65	0.00802	2.692	
9076	4	158	513.50	10000.00	10000.00	1.00	179.07	13164.58	492.43	10032.80	0.00977	0.078	
9077	4	228	426.50	10000.00	10000.00	1.00	174.54	12510.88	479.96	9543.40	0.00952	0.528	
9078	4	37	423.25	10000.00	10000.00	1.00	122.74	6223.08	337.51	4819.40	0.00669	2.706	
9079	4	154	519.00	10000.00	10000.00	1.00	179.47	13223.06	493.53	10076.57	0.00979	0.113	
9080	4	303	510.50	10000.00	10000.00	1.00	216.94	19275.15	596.56	14598.51	0.01183	0.892	
9081	4	119	442.00	10000.00	10000.00	1.00	149.60	9213.04	411.40	7070.25	0.00816	0.234	
9082	4	190	489.25	10000.00	10000.00	1.00	181.14	13468.12	498.11	10259.98	0.00988	0.013	
9083	4	222	600.50	10000.00	10000.00	1.00	219.34	19701.57	603.16	14916.64	0.01196	0.001	
9084	4	66	516.75	10000.00	10000.00	1.00	155.40	9935.24	427.35	7612.53	0.00848	1.854	
9085	4	55	407.25	10000.00	10000.00	1.00	123.27	6276.75	338.98	4859.90	0.00672	1.702	
9086	4	673	466.00	10000.00	10000.00	1.00	303.74	37664.39	835.26	28283.90	0.01657	8.441	
9087	4	194	678.75	9999.00	9999.00	1.00	232.74	22168.20	640.01	16755.86	0.01270	0.157	
9088	4	138	491.75	10000.00	10000.00	1.00	167.94	11588.92	461.81	8852.74	0.00916	0.179	
9089	4	90	662.25	10000.00	10000.00	1.00	200.60	16496.99	551.65	12524.50	0.01094	1.718	
9090	4	217	542.50	10000.00	10000.00	1.00	202.54	16814.56	556.96	12761.71	0.01105	0.029	
9091	4	104	524.75	10000.00	10000.00	1.00	167.67	11552.41	461.08	8825.38	0.00915	0.810	
9092	4	479	408.50	10000.00	10000.00	1.00	236.67	22919.84	650.83	17316.01	0.01291	5.953	
9093	4	382	565.50	10000.00	10000.00	1.00	252.67	26106.53	694.83	19689.50	0.01378	1.490	
9094	4	154	440.50	9999.00	9999.00	1.00	158.54	10336.73	435.96	7913.82	0.00865	0.005	
9095	4	133	408.00	10000.00	10000.00	1.00	144.27	8572.99	396.73	6589.26	0.00787	0.034	
9096	4	194	594.00	10000.00	10000.00	1.00	210.14	18092.28	577.86	13715.76	0.01146	0.033	
9097	4	270	506.50	10000.00	10000.00	1.00	207.07	17571.08	569.43	13326.66	0.01129	0.523	
9098	4	216	514.25	10000.00	10000.00	1.00	194.74	15551.87	535.51	11818.30	0.01062	0.067	
9099	4	180	444.75	10000.00	10000.00	1.00	166.60	11406.95	458.15	8716.36	0.00909	0.036	
9100	4	105	482.00	10000.00	10000.00	1.00	156.54	10079.54	430.46	7720.83	0.00854	0.608	

Time to the ancestor (in 2N generations): 4.042	Chi-square value: 115.455	

Significance of Chi-square: Non-Significant, P(dgf=99) = 1.236e-01


Date of completion: Wed Nov  4 13:23:57 2020
Duration of the process: 0.000 seconds. (0h:0m:0s)
